方法1:凸优化
[[ 0.          0.          0.          0.          0.        ]
 [ 0.07499132  0.          0.07499132  0.70542952  0.        ]
 [ 0.27745692  0.06666667  0.34412359  3.53498073  2.        ]
 [ 0.53177306  0.          0.53177306  8.24692144  0.        ]
 [ 0.7006841   0.          0.7006841  14.5429419   0.        ]]
方法2：静态
[[ 0.99997435  0.          0.99997435  3.89810255  0.        ]
 [ 0.99998937  0.          0.99998937  9.40671609  0.        ]
 [ 0.99999192  0.          0.99999192 12.37823779  0.        ]
 [ 0.99999285  0.          0.99999285 13.98191188  0.        ]
 [ 0.9999942   0.          0.9999942  17.24873505  0.        ]]
方法3：半静态
[[ 0.          0.          0.          0.          0.        ]
 [ 0.07499132  0.          0.07499132  0.70542952  0.        ]
 [ 0.37095035  0.          0.37095035  4.72614745  0.        ]
 [ 0.51140922  0.          0.51140922  8.90674686  0.        ]
 [ 0.66851169  0.          0.66851169 13.99175346  0.        ]]
方法4：不带迁移代价
[[ 0.          0.          0.          0.          0.        ]
 [ 0.07499132  0.          0.07499132  0.70542952  0.        ]
 [ 0.17038813  0.43333333  0.60372146  2.17085505 13.        ]
 [ 0.47254794  0.26666667  0.73921461  7.0614993   8.        ]
 [ 0.62686845  0.3         0.92686845 12.59673738  9.        ]]